comment,good,reasoning,moves,context,engine_eval,engine_best_line,engine_best_alternative
#C5 f7,True,", The comment indicates a potential blundering of a strategic plan, suggesting a flawed opening move.",1. d4 Nf6 2. Nf3 g6 3. Nc3 d5 4. Bf4 Bg7 5. e3 O-O 6. Be2 b6 7. Ne5 Bb7 8. h4 Nbd7 9. h5 Nxe5 10. Bxe5 Ne4 11. Bxg7 Kxg7 12. Bd3 Nxc3 13. bxc3 e5 14. dxe5 Qg5 15. Kd2 Qxe5 16. f4 Qe7 17. Qg4 Rae8 18. Qg3 c5 19. hxg6 hxg6 20. f5 Qe5 21. Qg5 Rh8 22. Rxh8 Rxh8 23. Rf1 Qd6 24. f6+ Kf8 25. Rf4 Bc6 26. Bxg6 fxg6 27. Qxg6 Rg8 28. Qh6+ Kf7 29. Qh7+ Kf8 30. g4,"This is a game between Blatny, P. (as White) and Gorjatschkin, W. (as Black). Last move played: White plays Pawn to g4",Large advantage for White (eval: 536 centipawns),30... d4 31. cxd4 cxd4 32. Rxd4 Bd5 33. Qh5 Qxf6 34. Rf4 Qxf4 35. exf4 Bxa2 36. f5 a5 37. g5 Ke7 38. Qh4 b5 39. f6+ Kd6 40. Qf4+ Kc6 41. g6 Bd5 42. Qf5 Rd8 43. Kc1 a4 44. f7 a3 45. Qf6+ Kd7 ,30. Qh6+ Kf7 31. Qh7+ Kf8 32. f7 Rxg2+ 33. Kc1 Qxf4 34. exf4 Rg1+ 35. Kb2 Bd7 36. Qh6+ Kxf7 37. Qh5+ Ke7 38. Qe5+ Kf7 39. Qxd5+ Be6 40. Qb7+ Kf6 41. Qxa7 Rf1 42. f5 
